# Camera list with one line of data per camera:
#   CAMERA_ID, MODEL, WIDTH, HEIGHT, PARAMS[]
# Number of cameras: 500
1 SIMPLE_RADIAL 1920 1080 1999.69 960 540 0.289046
2 SIMPLE_RADIAL 1920 1080 1996.65 960 540 0.291645
393 SIMPLE_RADIAL 1920 1080 1851.51 960 540 0.075181
3 SIMPLE_RADIAL 1920 1080 1996.46 960 540 0.293125
4 SIMPLE_RADIAL 1920 1080 2001.21 960 540 0.286508
387 SIMPLE_RADIAL 1920 1080 1860.07 960 540 0.0608732
5 SIMPLE_RADIAL 1920 1080 2010.53 960 540 0.266558
6 SIMPLE_RADIAL 1920 1080 2011.94 960 540 0.263618
397 SIMPLE_RADIAL 1920 1080 1852.46 960 540 0.071899
7 SIMPLE_RADIAL 1920 1080 2004.61 960 540 0.268756
8 SIMPLE_RADIAL 1920 1080 2002.12 960 540 0.27577
407 SIMPLE_RADIAL 1920 1080 1857.46 960 540 0.0424456
9 SIMPLE_RADIAL 1920 1080 2003.46 960 540 0.266287
10 SIMPLE_RADIAL 1920 1080 2004.46 960 540 0.25331
401 SIMPLE_RADIAL 1920 1080 1855.98 960 540 0.0557905
11 SIMPLE_RADIAL 1920 1080 2005.41 960 540 0.245676
12 SIMPLE_RADIAL 1920 1080 2010.24 960 540 0.229225
395 SIMPLE_RADIAL 1920 1080 1850.15 960 540 0.0810217
13 SIMPLE_RADIAL 1920 1080 2007.08 960 540 0.224113
14 SIMPLE_RADIAL 1920 1080 2014.07 960 540 0.209949
405 SIMPLE_RADIAL 1920 1080 1850.65 960 540 0.0566574
15 SIMPLE_RADIAL 1920 1080 2013.46 960 540 0.204266
16 SIMPLE_RADIAL 1920 1080 2019.47 960 540 0.17808
415 SIMPLE_RADIAL 1920 1080 1864.2 960 540 0.00812245
17 SIMPLE_RADIAL 1920 1080 2007.03 960 540 0.198483
18 SIMPLE_RADIAL 1920 1080 2013.99 960 540 0.181564
409 SIMPLE_RADIAL 1920 1080 1861.4 960 540 0.0265045
19 SIMPLE_RADIAL 1920 1080 2012.67 960 540 0.177075
20 SIMPLE_RADIAL 1920 1080 2012.26 960 540 0.178521
403 SIMPLE_RADIAL 1920 1080 1852.48 960 540 0.0604764
21 SIMPLE_RADIAL 1920 1080 2013.71 960 540 0.173605
22 SIMPLE_RADIAL 1920 1080 2016.48 960 540 0.163354
413 SIMPLE_RADIAL 1920 1080 1865.35 960 540 0.0105726
23 SIMPLE_RADIAL 1920 1080 2015.5 960 540 0.160069
24 SIMPLE_RADIAL 1920 1080 2016.75 960 540 0.153464
487 SIMPLE_RADIAL 1920 1080 1803.93 960 540 -0.0555261
25 SIMPLE_RADIAL 1920 1080 2012.62 960 540 0.158436
26 SIMPLE_RADIAL 1920 1080 2010.03 960 540 0.157552
481 SIMPLE_RADIAL 1920 1080 1802.35 960 540 -0.0330579
27 SIMPLE_RADIAL 1920 1080 2009.06 960 540 0.161003
28 SIMPLE_RADIAL 1920 1080 2003.63 960 540 0.170736
411 SIMPLE_RADIAL 1920 1080 1861.53 960 540 0.0222518
29 SIMPLE_RADIAL 1920 1080 2003.75 960 540 0.176865
30 SIMPLE_RADIAL 1920 1080 2003.13 960 540 0.182794
485 SIMPLE_RADIAL 1920 1080 1803.85 960 540 -0.0413777
31 SIMPLE_RADIAL 1920 1080 2005.22 960 540 0.179474
32 SIMPLE_RADIAL 1920 1080 2001.42 960 540 0.19148
431 SIMPLE_RADIAL 1920 1080 1849.21 960 540 -0.0229112
33 SIMPLE_RADIAL 1920 1080 2002.91 960 540 0.190028
34 SIMPLE_RADIAL 1920 1080 2005.88 960 540 0.179519
425 SIMPLE_RADIAL 1920 1080 1848.44 960 540 0.00310028
35 SIMPLE_RADIAL 1920 1080 2004.69 960 540 0.185561
36 SIMPLE_RADIAL 1920 1080 2005.06 960 540 0.185282
419 SIMPLE_RADIAL 1920 1080 1849.9 960 540 0.0273026
37 SIMPLE_RADIAL 1920 1080 2005.52 960 540 0.184865
38 SIMPLE_RADIAL 1920 1080 2005.6 960 540 0.183029
429 SIMPLE_RADIAL 1920 1080 1840.88 960 540 -0.00150524
39 SIMPLE_RADIAL 1920 1080 2003.7 960 540 0.18626
40 SIMPLE_RADIAL 1920 1080 2004.06 960 540 0.17666
439 SIMPLE_RADIAL 1920 1080 1829.56 960 540 0.0251673
41 SIMPLE_RADIAL 1920 1080 2003.27 960 540 0.176108
42 SIMPLE_RADIAL 1920 1080 2002.2 960 540 0.167781
433 SIMPLE_RADIAL 1920 1080 1845.49 960 540 -0.00204755
43 SIMPLE_RADIAL 1920 1080 2000.76 960 540 0.172219
44 SIMPLE_RADIAL 1920 1080 1996.3 960 540 0.174723
427 SIMPLE_RADIAL 1920 1080 1845.39 960 540 -0.00010577
45 SIMPLE_RADIAL 1920 1080 1991.29 960 540 0.184906
46 SIMPLE_RADIAL 1920 1080 1990.83 960 540 0.179445
437 SIMPLE_RADIAL 1920 1080 1838.73 960 540 0.0173279
47 SIMPLE_RADIAL 1920 1080 1989.39 960 540 0.18357
48 SIMPLE_RADIAL 1920 1080 1992.07 960 540 0.173649
447 SIMPLE_RADIAL 1920 1080 1820.71 960 540 0.0308957
49 SIMPLE_RADIAL 1920 1080 1989.71 960 540 0.171232
50 SIMPLE_RADIAL 1920 1080 1988.59 960 540 0.169654
441 SIMPLE_RADIAL 1920 1080 1823.22 960 540 0.0389934
51 SIMPLE_RADIAL 1920 1080 1995.21 960 540 0.157013
52 SIMPLE_RADIAL 1920 1080 1994.05 960 540 0.162848
435 SIMPLE_RADIAL 1920 1080 1838.53 960 540 0.0182052
53 SIMPLE_RADIAL 1920 1080 1993.06 960 540 0.166447
54 SIMPLE_RADIAL 1920 1080 1992.28 960 540 0.163956
445 SIMPLE_RADIAL 1920 1080 1822.6 960 540 0.0320771
55 SIMPLE_RADIAL 1920 1080 1990.16 960 540 0.166849
56 SIMPLE_RADIAL 1920 1080 1989.01 960 540 0.169582
391 SIMPLE_RADIAL 1920 1080 1846.55 960 540 0.0768981
57 SIMPLE_RADIAL 1920 1080 1986.67 960 540 0.170243
58 SIMPLE_RADIAL 1920 1080 1982.35 960 540 0.1777
385 SIMPLE_RADIAL 1920 1080 1857.25 960 540 0.0734316
59 SIMPLE_RADIAL 1920 1080 1982.24 960 540 0.185433
60 SIMPLE_RADIAL 1920 1080 1986.67 960 540 0.178171
443 SIMPLE_RADIAL 1920 1080 1819.95 960 540 0.0380742
61 SIMPLE_RADIAL 1920 1080 1988.84 960 540 0.174026
62 SIMPLE_RADIAL 1920 1080 1993.97 960 540 0.159223
389 SIMPLE_RADIAL 1920 1080 1858.54 960 540 0.0600193
63 SIMPLE_RADIAL 1920 1080 1992.6 960 540 0.157041
64 SIMPLE_RADIAL 1920 1080 1992.97 960 540 0.151743
463 SIMPLE_RADIAL 1920 1080 1811.52 960 540 -0.0129379
65 SIMPLE_RADIAL 1920 1080 1990.41 960 540 0.154161
66 SIMPLE_RADIAL 1920 1080 1989.61 960 540 0.151745
457 SIMPLE_RADIAL 1920 1080 1807.53 960 540 0.0136221
67 SIMPLE_RADIAL 1920 1080 1988.26 960 540 0.154428
68 SIMPLE_RADIAL 1920 1080 1986.56 960 540 0.155561
451 SIMPLE_RADIAL 1920 1080 1815.73 960 540 0.0251693
69 SIMPLE_RADIAL 1920 1080 1987.37 960 540 0.142107
70 SIMPLE_RADIAL 1920 1080 1985.81 960 540 0.136905
461 SIMPLE_RADIAL 1920 1080 1808.24 960 540 0.00167007
71 SIMPLE_RADIAL 1920 1080 1988.7 960 540 0.130077
72 SIMPLE_RADIAL 1920 1080 1986.42 960 540 0.120319
471 SIMPLE_RADIAL 1920 1080 1797.02 960 540 0.00102427
73 SIMPLE_RADIAL 1920 1080 1982.19 960 540 0.121789
74 SIMPLE_RADIAL 1920 1080 1978.62 960 540 0.124497
465 SIMPLE_RADIAL 1920 1080 1810.04 960 540 -0.0118683
75 SIMPLE_RADIAL 1920 1080 1976.84 960 540 0.127835
76 SIMPLE_RADIAL 1920 1080 1972.01 960 540 0.136752
459 SIMPLE_RADIAL 1920 1080 1807.21 960 540 0.0110595
77 SIMPLE_RADIAL 1920 1080 1971.1 960 540 0.143282
78 SIMPLE_RADIAL 1920 1080 1967.53 960 540 0.148906
469 SIMPLE_RADIAL 1920 1080 1801.96 960 540 0.003881
79 SIMPLE_RADIAL 1920 1080 1962.16 960 540 0.166998
80 SIMPLE_RADIAL 1920 1080 1961.7 960 540 0.176717
479 SIMPLE_RADIAL 1920 1080 1803.63 960 540 -0.0324918
81 SIMPLE_RADIAL 1920 1080 1959.4 960 540 0.185625
82 SIMPLE_RADIAL 1920 1080 1959.61 960 540 0.199295
473 SIMPLE_RADIAL 1920 1080 1801.99 960 540 -0.00722976
83 SIMPLE_RADIAL 1920 1080 1961.56 960 540 0.190052
84 SIMPLE_RADIAL 1920 1080 1963.72 960 540 0.192838
467 SIMPLE_RADIAL 1920 1080 1807.24 960 540 -0.0124285
85 SIMPLE_RADIAL 1920 1080 1969.11 960 540 0.182297
86 SIMPLE_RADIAL 1920 1080 1970.82 960 540 0.174399
477 SIMPLE_RADIAL 1920 1080 1805.21 960 540 -0.0251925
87 SIMPLE_RADIAL 1920 1080 1975.8 960 540 0.169703
88 SIMPLE_RADIAL 1920 1080 1977.49 960 540 0.157132
89 SIMPLE_RADIAL 1920 1080 1976.13 960 540 0.145065
90 SIMPLE_RADIAL 1920 1080 1976.02 960 540 0.140493
91 SIMPLE_RADIAL 1920 1080 1977.14 960 540 0.133654
92 SIMPLE_RADIAL 1920 1080 1976.92 960 540 0.124002
475 SIMPLE_RADIAL 1920 1080 1800.99 960 540 -0.013142
93 SIMPLE_RADIAL 1920 1080 1976.41 960 540 0.122748
94 SIMPLE_RADIAL 1920 1080 1976.73 960 540 0.118322
95 SIMPLE_RADIAL 1920 1080 1971.05 960 540 0.126124
96 SIMPLE_RADIAL 1920 1080 1968.52 960 540 0.139169
495 SIMPLE_RADIAL 1920 1080 1790.56 960 540 -0.0550045
97 SIMPLE_RADIAL 1920 1080 1968.15 960 540 0.136152
98 SIMPLE_RADIAL 1920 1080 1970.36 960 540 0.130113
489 SIMPLE_RADIAL 1920 1080 1801.4 960 540 -0.0629415
99 SIMPLE_RADIAL 1920 1080 1973.33 960 540 0.125984
100 SIMPLE_RADIAL 1920 1080 1968.08 960 540 0.13878
483 SIMPLE_RADIAL 1920 1080 1803.35 960 540 -0.0349621
101 SIMPLE_RADIAL 1920 1080 1967.74 960 540 0.14463
102 SIMPLE_RADIAL 1920 1080 1969.75 960 540 0.146675
493 SIMPLE_RADIAL 1920 1080 1796.45 960 540 -0.0554488
103 SIMPLE_RADIAL 1920 1080 1963.44 960 540 0.15201
104 SIMPLE_RADIAL 1920 1080 1959.85 960 540 0.172205
105 SIMPLE_RADIAL 1920 1080 1962.53 960 540 0.171221
106 SIMPLE_RADIAL 1920 1080 1958.97 960 540 0.183725
497 SIMPLE_RADIAL 1920 1080 1785.91 960 540 -0.0513532
107 SIMPLE_RADIAL 1920 1080 1958.4 960 540 0.187426
108 SIMPLE_RADIAL 1920 1080 1961.6 960 540 0.182208
491 SIMPLE_RADIAL 1920 1080 1795.25 960 540 -0.0573099
109 SIMPLE_RADIAL 1920 1080 1963.82 960 540 0.176909
110 SIMPLE_RADIAL 1920 1080 1966.94 960 540 0.168825
111 SIMPLE_RADIAL 1920 1080 1972.63 960 540 0.15121
112 SIMPLE_RADIAL 1920 1080 1971.77 960 540 0.140754
113 SIMPLE_RADIAL 1920 1080 1971.93 960 540 0.139121
114 SIMPLE_RADIAL 1920 1080 1972.35 960 540 0.141088
115 SIMPLE_RADIAL 1920 1080 1968.25 960 540 0.148901
116 SIMPLE_RADIAL 1920 1080 1966.35 960 540 0.154824
499 SIMPLE_RADIAL 1920 1080 1780.56 960 540 -0.0470402
117 SIMPLE_RADIAL 1920 1080 1964.63 960 540 0.154817
118 SIMPLE_RADIAL 1920 1080 1959.24 960 540 0.156174
119 SIMPLE_RADIAL 1920 1080 1954.71 960 540 0.160199
120 SIMPLE_RADIAL 1920 1080 1958.15 960 540 0.137296
455 SIMPLE_RADIAL 1920 1080 1809.16 960 540 0.0151096
121 SIMPLE_RADIAL 1920 1080 1959.81 960 540 0.136143
122 SIMPLE_RADIAL 1920 1080 1961.09 960 540 0.130317
449 SIMPLE_RADIAL 1920 1080 1818.89 960 540 0.0255221
123 SIMPLE_RADIAL 1920 1080 1958.68 960 540 0.135042
124 SIMPLE_RADIAL 1920 1080 1959.55 960 540 0.135869
125 SIMPLE_RADIAL 1920 1080 1959.91 960 540 0.140436
126 SIMPLE_RADIAL 1920 1080 1953.91 960 540 0.164283
453 SIMPLE_RADIAL 1920 1080 1812.96 960 540 0.0200456
127 SIMPLE_RADIAL 1920 1080 1951.91 960 540 0.169393
128 SIMPLE_RADIAL 1920 1080 1958.58 960 540 0.161154
129 SIMPLE_RADIAL 1920 1080 1956.5 960 540 0.163992
314 SIMPLE_RADIAL 1920 1080 1898.4 960 540 0.0670398
130 SIMPLE_RADIAL 1920 1080 1949.82 960 540 0.194371
131 SIMPLE_RADIAL 1920 1080 1954.17 960 540 0.18571
260 SIMPLE_RADIAL 1920 1080 1901.72 960 540 0.0927883
132 SIMPLE_RADIAL 1920 1080 1951.2 960 540 0.199544
133 SIMPLE_RADIAL 1920 1080 1950.87 960 540 0.203335
318 SIMPLE_RADIAL 1920 1080 1892.26 960 540 0.0648874
134 SIMPLE_RADIAL 1920 1080 1953.17 960 540 0.198089
135 SIMPLE_RADIAL 1920 1080 1952.06 960 540 0.202104
312 SIMPLE_RADIAL 1920 1080 1893.38 960 540 0.0724426
136 SIMPLE_RADIAL 1920 1080 1955.62 960 540 0.197843
137 SIMPLE_RADIAL 1920 1080 1956.43 960 540 0.192227
258 SIMPLE_RADIAL 1920 1080 1898.71 960 540 0.101227
138 SIMPLE_RADIAL 1920 1080 1956.34 960 540 0.189188
139 SIMPLE_RADIAL 1920 1080 1954.2 960 540 0.182797
268 SIMPLE_RADIAL 1920 1080 1891.79 960 540 0.0618658
140 SIMPLE_RADIAL 1920 1080 1950.59 960 540 0.184612
141 SIMPLE_RADIAL 1920 1080 1950.92 960 540 0.182303
262 SIMPLE_RADIAL 1920 1080 1900.02 960 540 0.0822939
142 SIMPLE_RADIAL 1920 1080 1953.07 960 540 0.169684
143 SIMPLE_RADIAL 1920 1080 1948.56 960 540 0.168447
256 SIMPLE_RADIAL 1920 1080 1898.39 960 540 0.0986353
144 SIMPLE_RADIAL 1920 1080 1947.98 960 540 0.171038
145 SIMPLE_RADIAL 1920 1080 1948.28 960 540 0.16725
266 SIMPLE_RADIAL 1920 1080 1899.54 960 540 0.0677829
146 SIMPLE_RADIAL 1920 1080 1954.64 960 540 0.153002
147 SIMPLE_RADIAL 1920 1080 1956.88 960 540 0.15306
276 SIMPLE_RADIAL 1920 1080 1886.86 960 540 0.0505886
148 SIMPLE_RADIAL 1920 1080 1962.36 960 540 0.13934
149 SIMPLE_RADIAL 1920 1080 1961.53 960 540 0.15189
270 SIMPLE_RADIAL 1920 1080 1884.97 960 540 0.0616289
150 SIMPLE_RADIAL 1920 1080 1959.53 960 540 0.147567
151 SIMPLE_RADIAL 1920 1080 1959.12 960 540 0.147123
264 SIMPLE_RADIAL 1920 1080 1900.46 960 540 0.0823128
152 SIMPLE_RADIAL 1920 1080 1956.15 960 540 0.155361
153 SIMPLE_RADIAL 1920 1080 1953.02 960 540 0.16166
274 SIMPLE_RADIAL 1920 1080 1888.75 960 540 0.0484861
154 SIMPLE_RADIAL 1920 1080 1949.57 960 540 0.165628
155 SIMPLE_RADIAL 1920 1080 1943.38 960 540 0.178416
284 SIMPLE_RADIAL 1920 1080 1889.62 960 540 0.0904452
156 SIMPLE_RADIAL 1920 1080 1941.49 960 540 0.186156
157 SIMPLE_RADIAL 1920 1080 1937.7 960 540 0.200445
278 SIMPLE_RADIAL 1920 1080 1888.81 960 540 0.0548495
158 SIMPLE_RADIAL 1920 1080 1944.79 960 540 0.188026
159 SIMPLE_RADIAL 1920 1080 1943.15 960 540 0.196947
272 SIMPLE_RADIAL 1920 1080 1887.62 960 540 0.0568523
160 SIMPLE_RADIAL 1920 1080 1943.37 960 540 0.196062
161 SIMPLE_RADIAL 1920 1080 1942.89 960 540 0.191922
162 SIMPLE_RADIAL 1920 1080 1948.71 960 540 0.176395
163 SIMPLE_RADIAL 1920 1080 1948.06 960 540 0.172618
292 SIMPLE_RADIAL 1920 1080 1899.71 960 540 0.0871292
164 SIMPLE_RADIAL 1920 1080 1947.06 960 540 0.173402
165 SIMPLE_RADIAL 1920 1080 1949.58 960 540 0.164443
166 SIMPLE_RADIAL 1920 1080 1945.43 960 540 0.167308
167 SIMPLE_RADIAL 1920 1080 1941.57 960 540 0.170325
168 SIMPLE_RADIAL 1920 1080 1937.72 960 540 0.169809
169 SIMPLE_RADIAL 1920 1080 1940.4 960 540 0.168639
290 SIMPLE_RADIAL 1920 1080 1899.75 960 540 0.088466
170 SIMPLE_RADIAL 1920 1080 1934.7 960 540 0.170268
171 SIMPLE_RADIAL 1920 1080 1936.33 960 540 0.161364
300 SIMPLE_RADIAL 1920 1080 1890.87 960 540 0.0785954
172 SIMPLE_RADIAL 1920 1080 1936.22 960 540 0.159312
173 SIMPLE_RADIAL 1920 1080 1939.86 960 540 0.149616
294 SIMPLE_RADIAL 1920 1080 1895.3 960 540 0.0935444
174 SIMPLE_RADIAL 1920 1080 1937.99 960 540 0.136102
175 SIMPLE_RADIAL 1920 1080 1936.56 960 540 0.141974
288 SIMPLE_RADIAL 1920 1080 1891.19 960 540 0.10417
176 SIMPLE_RADIAL 1920 1080 1934.29 960 540 0.141842
177 SIMPLE_RADIAL 1920 1080 1932.58 960 540 0.141078
298 SIMPLE_RADIAL 1920 1080 1886.9 960 540 0.0944991
178 SIMPLE_RADIAL 1920 1080 1933.55 960 540 0.147809
179 SIMPLE_RADIAL 1920 1080 1930.26 960 540 0.151262
308 SIMPLE_RADIAL 1920 1080 1890.25 960 540 0.0709381
180 SIMPLE_RADIAL 1920 1080 1923.41 960 540 0.165906
181 SIMPLE_RADIAL 1920 1080 1919.24 960 540 0.180812
302 SIMPLE_RADIAL 1920 1080 1890.27 960 540 0.064965
182 SIMPLE_RADIAL 1920 1080 1915.76 960 540 0.189104
183 SIMPLE_RADIAL 1920 1080 1917.06 960 540 0.195238
296 SIMPLE_RADIAL 1920 1080 1887.68 960 540 0.0944387
184 SIMPLE_RADIAL 1920 1080 1916.67 960 540 0.19473
185 SIMPLE_RADIAL 1920 1080 1919.71 960 540 0.193498
306 SIMPLE_RADIAL 1920 1080 1887.96 960 540 0.070404
186 SIMPLE_RADIAL 1920 1080 1923.91 960 540 0.177379
187 SIMPLE_RADIAL 1920 1080 1927.06 960 540 0.18064
316 SIMPLE_RADIAL 1920 1080 1895.59 960 540 0.0670695
188 SIMPLE_RADIAL 1920 1080 1923.21 960 540 0.18231
189 SIMPLE_RADIAL 1920 1080 1926.15 960 540 0.179493
310 SIMPLE_RADIAL 1920 1080 1895.38 960 540 0.06935
190 SIMPLE_RADIAL 1920 1080 1925.64 960 540 0.170073
191 SIMPLE_RADIAL 1920 1080 1922.05 960 540 0.170307
304 SIMPLE_RADIAL 1920 1080 1889.8 960 540 0.0632715
192 SIMPLE_RADIAL 1920 1080 1919.33 960 540 0.173535
193 SIMPLE_RADIAL 1920 1080 1923.02 960 540 0.169344
378 SIMPLE_RADIAL 1920 1080 1846.85 960 540 0.0961029
194 SIMPLE_RADIAL 1920 1080 1924.86 960 540 0.15286
195 SIMPLE_RADIAL 1920 1080 1924.08 960 540 0.155256
324 SIMPLE_RADIAL 1920 1080 1882.53 960 540 0.0691433
196 SIMPLE_RADIAL 1920 1080 1921.07 960 540 0.154872
197 SIMPLE_RADIAL 1920 1080 1922.24 960 540 0.151989
382 SIMPLE_RADIAL 1920 1080 1854.62 960 540 0.082808
198 SIMPLE_RADIAL 1920 1080 1922.27 960 540 0.143961
199 SIMPLE_RADIAL 1920 1080 1920.45 960 540 0.147147
376 SIMPLE_RADIAL 1920 1080 1852.61 960 540 0.0835922
200 SIMPLE_RADIAL 1920 1080 1919.08 960 540 0.149671
201 SIMPLE_RADIAL 1920 1080 1919.43 960 540 0.145695
322 SIMPLE_RADIAL 1920 1080 1888.1 960 540 0.0628554
202 SIMPLE_RADIAL 1920 1080 1922.19 960 540 0.138977
203 SIMPLE_RADIAL 1920 1080 1923.77 960 540 0.136187
332 SIMPLE_RADIAL 1920 1080 1894.14 960 540 0.0398837
204 SIMPLE_RADIAL 1920 1080 1921.29 960 540 0.139981
205 SIMPLE_RADIAL 1920 1080 1921.16 960 540 0.140849
326 SIMPLE_RADIAL 1920 1080 1885.67 960 540 0.0667992
206 SIMPLE_RADIAL 1920 1080 1921.26 960 540 0.142377
207 SIMPLE_RADIAL 1920 1080 1921.51 960 540 0.140784
320 SIMPLE_RADIAL 1920 1080 1887.92 960 540 0.0598292
208 SIMPLE_RADIAL 1920 1080 1916.93 960 540 0.148721
209 SIMPLE_RADIAL 1920 1080 1918.64 960 540 0.145635
330 SIMPLE_RADIAL 1920 1080 1889.27 960 540 0.0548596
210 SIMPLE_RADIAL 1920 1080 1923.88 960 540 0.13046
211 SIMPLE_RADIAL 1920 1080 1917.46 960 540 0.140578
340 SIMPLE_RADIAL 1920 1080 1875.17 960 540 0.0521564
212 SIMPLE_RADIAL 1920 1080 1914.23 960 540 0.140088
213 SIMPLE_RADIAL 1920 1080 1917.34 960 540 0.13409
334 SIMPLE_RADIAL 1920 1080 1891.55 960 540 0.0386093
214 SIMPLE_RADIAL 1920 1080 1916.57 960 540 0.118967
215 SIMPLE_RADIAL 1920 1080 1912.29 960 540 0.127914
328 SIMPLE_RADIAL 1920 1080 1889.65 960 540 0.0650963
216 SIMPLE_RADIAL 1920 1080 1913.2 960 540 0.127377
217 SIMPLE_RADIAL 1920 1080 1912.02 960 540 0.129738
338 SIMPLE_RADIAL 1920 1080 1883.68 960 540 0.0461734
218 SIMPLE_RADIAL 1920 1080 1903.62 960 540 0.155687
219 SIMPLE_RADIAL 1920 1080 1906.4 960 540 0.16435
348 SIMPLE_RADIAL 1920 1080 1869.71 960 540 0.0525044
220 SIMPLE_RADIAL 1920 1080 1906.66 960 540 0.165293
221 SIMPLE_RADIAL 1920 1080 1908.24 960 540 0.160011
342 SIMPLE_RADIAL 1920 1080 1872.94 960 540 0.0553217
222 SIMPLE_RADIAL 1920 1080 1905.83 960 540 0.15843
223 SIMPLE_RADIAL 1920 1080 1907.15 960 540 0.149222
336 SIMPLE_RADIAL 1920 1080 1890.39 960 540 0.0419378
224 SIMPLE_RADIAL 1920 1080 1906.91 960 540 0.152457
225 SIMPLE_RADIAL 1920 1080 1908.03 960 540 0.147198
282 SIMPLE_RADIAL 1920 1080 1880.15 960 540 0.100215
226 SIMPLE_RADIAL 1920 1080 1905.17 960 540 0.152711
227 SIMPLE_RADIAL 1920 1080 1903.61 960 540 0.158024
356 SIMPLE_RADIAL 1920 1080 1865.83 960 540 0.0583957
228 SIMPLE_RADIAL 1920 1080 1903.59 960 540 0.156158
229 SIMPLE_RADIAL 1920 1080 1903.39 960 540 0.154815
286 SIMPLE_RADIAL 1920 1080 1890.68 960 540 0.0971985
230 SIMPLE_RADIAL 1920 1080 1900.04 960 540 0.158174
231 SIMPLE_RADIAL 1920 1080 1898.53 960 540 0.160927
280 SIMPLE_RADIAL 1920 1080 1884.68 960 540 0.0740238
232 SIMPLE_RADIAL 1920 1080 1894.12 960 540 0.167385
233 SIMPLE_RADIAL 1920 1080 1893.94 960 540 0.170602
354 SIMPLE_RADIAL 1920 1080 1861.32 960 540 0.0437728
234 SIMPLE_RADIAL 1920 1080 1897.85 960 540 0.157933
235 SIMPLE_RADIAL 1920 1080 1895.36 960 540 0.160132
364 SIMPLE_RADIAL 1920 1080 1854.31 960 540 0.0842944
236 SIMPLE_RADIAL 1920 1080 1897.47 960 540 0.154083
237 SIMPLE_RADIAL 1920 1080 1896.45 960 540 0.151379
358 SIMPLE_RADIAL 1920 1080 1860.98 960 540 0.0611124
238 SIMPLE_RADIAL 1920 1080 1896.63 960 540 0.149975
239 SIMPLE_RADIAL 1920 1080 1896.26 960 540 0.141985
352 SIMPLE_RADIAL 1920 1080 1864.21 960 540 0.0400165
240 SIMPLE_RADIAL 1920 1080 1895.48 960 540 0.1411
241 SIMPLE_RADIAL 1920 1080 1895.62 960 540 0.133181
362 SIMPLE_RADIAL 1920 1080 1855.36 960 540 0.0774017
242 SIMPLE_RADIAL 1920 1080 1889.89 960 540 0.140624
243 SIMPLE_RADIAL 1920 1080 1895.63 960 540 0.125108
372 SIMPLE_RADIAL 1920 1080 1853.43 960 540 0.079611
244 SIMPLE_RADIAL 1920 1080 1896.73 960 540 0.118637
245 SIMPLE_RADIAL 1920 1080 1902.4 960 540 0.104801
366 SIMPLE_RADIAL 1920 1080 1849.49 960 540 0.0926191
246 SIMPLE_RADIAL 1920 1080 1907.81 960 540 0.0915326
247 SIMPLE_RADIAL 1920 1080 1910.49 960 540 0.0787003
360 SIMPLE_RADIAL 1920 1080 1854.67 960 540 0.0764975
248 SIMPLE_RADIAL 1920 1080 1913 960 540 0.0739064
249 SIMPLE_RADIAL 1920 1080 1912.44 960 540 0.0716403
370 SIMPLE_RADIAL 1920 1080 1853.91 960 540 0.0805609
250 SIMPLE_RADIAL 1920 1080 1911.99 960 540 0.0702242
251 SIMPLE_RADIAL 1920 1080 1911.49 960 540 0.0699651
380 SIMPLE_RADIAL 1920 1080 1851.49 960 540 0.0914731
252 SIMPLE_RADIAL 1920 1080 1908.92 960 540 0.0719288
253 SIMPLE_RADIAL 1920 1080 1904.53 960 540 0.0849911
374 SIMPLE_RADIAL 1920 1080 1851.14 960 540 0.0837921
254 SIMPLE_RADIAL 1920 1080 1897.84 960 540 0.0964267
255 SIMPLE_RADIAL 1920 1080 1901.75 960 540 0.0908331
368 SIMPLE_RADIAL 1920 1080 1852.45 960 540 0.08474
257 SIMPLE_RADIAL 1920 1080 1897.61 960 540 0.105117
259 SIMPLE_RADIAL 1920 1080 1897.57 960 540 0.102909
261 SIMPLE_RADIAL 1920 1080 1901.32 960 540 0.0858284
263 SIMPLE_RADIAL 1920 1080 1903.82 960 540 0.0782219
265 SIMPLE_RADIAL 1920 1080 1900.41 960 540 0.0805215
267 SIMPLE_RADIAL 1920 1080 1891.61 960 540 0.0732748
269 SIMPLE_RADIAL 1920 1080 1885.97 960 540 0.0649939
271 SIMPLE_RADIAL 1920 1080 1886.83 960 540 0.0566591
273 SIMPLE_RADIAL 1920 1080 1888.51 960 540 0.0511644
275 SIMPLE_RADIAL 1920 1080 1886.83 960 540 0.0519654
277 SIMPLE_RADIAL 1920 1080 1887.36 960 540 0.0532425
279 SIMPLE_RADIAL 1920 1080 1892.6 960 540 0.0580125
281 SIMPLE_RADIAL 1920 1080 1887.37 960 540 0.0765391
283 SIMPLE_RADIAL 1920 1080 1891.86 960 540 0.0785757
285 SIMPLE_RADIAL 1920 1080 1888.01 960 540 0.0935024
287 SIMPLE_RADIAL 1920 1080 1891.89 960 540 0.0966034
289 SIMPLE_RADIAL 1920 1080 1898.23 960 540 0.0910517
291 SIMPLE_RADIAL 1920 1080 1897.26 960 540 0.0938133
293 SIMPLE_RADIAL 1920 1080 1898.29 960 540 0.0874367
295 SIMPLE_RADIAL 1920 1080 1891.2 960 540 0.0939888
297 SIMPLE_RADIAL 1920 1080 1885.35 960 540 0.107069
299 SIMPLE_RADIAL 1920 1080 1889.59 960 540 0.0824309
301 SIMPLE_RADIAL 1920 1080 1891.54 960 540 0.0771692
303 SIMPLE_RADIAL 1920 1080 1892.42 960 540 0.0667581
305 SIMPLE_RADIAL 1920 1080 1888.18 960 540 0.0702885
307 SIMPLE_RADIAL 1920 1080 1893.32 960 540 0.0623414
309 SIMPLE_RADIAL 1920 1080 1888.39 960 540 0.0705441
311 SIMPLE_RADIAL 1920 1080 1894.06 960 540 0.0723154
313 SIMPLE_RADIAL 1920 1080 1897.11 960 540 0.0760344
315 SIMPLE_RADIAL 1920 1080 1896.5 960 540 0.065704
317 SIMPLE_RADIAL 1920 1080 1893.3 960 540 0.064972
319 SIMPLE_RADIAL 1920 1080 1891.28 960 540 0.0682598
321 SIMPLE_RADIAL 1920 1080 1886.76 960 540 0.0587843
323 SIMPLE_RADIAL 1920 1080 1880.25 960 540 0.0612965
325 SIMPLE_RADIAL 1920 1080 1883.92 960 540 0.0683203
327 SIMPLE_RADIAL 1920 1080 1884.93 960 540 0.0603133
329 SIMPLE_RADIAL 1920 1080 1890.97 960 540 0.0541645
331 SIMPLE_RADIAL 1920 1080 1893.48 960 540 0.0468625
333 SIMPLE_RADIAL 1920 1080 1891.03 960 540 0.0366288
335 SIMPLE_RADIAL 1920 1080 1889.63 960 540 0.0388966
337 SIMPLE_RADIAL 1920 1080 1888.13 960 540 0.0455914
339 SIMPLE_RADIAL 1920 1080 1885.1 960 540 0.0454848
341 SIMPLE_RADIAL 1920 1080 1874.34 960 540 0.0573604
343 SIMPLE_RADIAL 1920 1080 1874.41 960 540 0.0496968
344 SIMPLE_RADIAL 1920 1080 1874.97 960 540 0.046104
345 SIMPLE_RADIAL 1920 1080 1869.04 960 540 0.052039
346 SIMPLE_RADIAL 1920 1080 1869.65 960 540 0.057557
347 SIMPLE_RADIAL 1920 1080 1870.78 960 540 0.0520397
349 SIMPLE_RADIAL 1920 1080 1869.47 960 540 0.0515034
350 SIMPLE_RADIAL 1920 1080 1872.07 960 540 0.0433303
351 SIMPLE_RADIAL 1920 1080 1868.13 960 540 0.0422451
353 SIMPLE_RADIAL 1920 1080 1861.37 960 540 0.0388356
355 SIMPLE_RADIAL 1920 1080 1868.64 960 540 0.052546
357 SIMPLE_RADIAL 1920 1080 1856.01 960 540 0.0784266
359 SIMPLE_RADIAL 1920 1080 1857.55 960 540 0.0729726
361 SIMPLE_RADIAL 1920 1080 1859.11 960 540 0.0645508
363 SIMPLE_RADIAL 1920 1080 1851.96 960 540 0.0855166
365 SIMPLE_RADIAL 1920 1080 1855.47 960 540 0.0791785
367 SIMPLE_RADIAL 1920 1080 1855.88 960 540 0.0795194
369 SIMPLE_RADIAL 1920 1080 1852.63 960 540 0.0824577
371 SIMPLE_RADIAL 1920 1080 1850.54 960 540 0.0835522
373 SIMPLE_RADIAL 1920 1080 1853.43 960 540 0.0790078
375 SIMPLE_RADIAL 1920 1080 1851.99 960 540 0.0817914
377 SIMPLE_RADIAL 1920 1080 1847.02 960 540 0.0944711
379 SIMPLE_RADIAL 1920 1080 1850.45 960 540 0.0931308
381 SIMPLE_RADIAL 1920 1080 1852.89 960 540 0.0893015
383 SIMPLE_RADIAL 1920 1080 1857.09 960 540 0.0771209
384 SIMPLE_RADIAL 1920 1080 1857.24 960 540 0.0755145
386 SIMPLE_RADIAL 1920 1080 1858.87 960 540 0.0686078
388 SIMPLE_RADIAL 1920 1080 1856.43 960 540 0.0652675
390 SIMPLE_RADIAL 1920 1080 1859.84 960 540 0.0557105
392 SIMPLE_RADIAL 1920 1080 1846.39 960 540 0.0830785
394 SIMPLE_RADIAL 1920 1080 1848.05 960 540 0.0793328
396 SIMPLE_RADIAL 1920 1080 1855.15 960 540 0.0755548
398 SIMPLE_RADIAL 1920 1080 1855.47 960 540 0.069254
399 SIMPLE_RADIAL 1920 1080 1855.93 960 540 0.0636836
400 SIMPLE_RADIAL 1920 1080 1853.79 960 540 0.0638708
402 SIMPLE_RADIAL 1920 1080 1853.77 960 540 0.0595635
404 SIMPLE_RADIAL 1920 1080 1856.51 960 540 0.0528354
406 SIMPLE_RADIAL 1920 1080 1856.27 960 540 0.0527791
408 SIMPLE_RADIAL 1920 1080 1857.25 960 540 0.0403143
410 SIMPLE_RADIAL 1920 1080 1858.64 960 540 0.021764
412 SIMPLE_RADIAL 1920 1080 1864.81 960 540 0.0136962
414 SIMPLE_RADIAL 1920 1080 1863.25 960 540 0.0137304
416 SIMPLE_RADIAL 1920 1080 1859.54 960 540 0.0141532
417 SIMPLE_RADIAL 1920 1080 1853.63 960 540 0.0232353
418 SIMPLE_RADIAL 1920 1080 1852.22 960 540 0.0264475
420 SIMPLE_RADIAL 1920 1080 1850.58 960 540 0.0244664
421 SIMPLE_RADIAL 1920 1080 1850.83 960 540 0.0190269
422 SIMPLE_RADIAL 1920 1080 1846.68 960 540 0.0181163
423 SIMPLE_RADIAL 1920 1080 1848.77 960 540 0.00945764
424 SIMPLE_RADIAL 1920 1080 1847.47 960 540 0.00704012
426 SIMPLE_RADIAL 1920 1080 1844.91 960 540 0.00150038
428 SIMPLE_RADIAL 1920 1080 1843.28 960 540 -0.00485314
430 SIMPLE_RADIAL 1920 1080 1847.87 960 540 -0.0115372
432 SIMPLE_RADIAL 1920 1080 1847.13 960 540 -0.0142895
434 SIMPLE_RADIAL 1920 1080 1842.89 960 540 0.00342132
436 SIMPLE_RADIAL 1920 1080 1839.03 960 540 0.0176453
438 SIMPLE_RADIAL 1920 1080 1837.86 960 540 0.0178943
440 SIMPLE_RADIAL 1920 1080 1826.74 960 540 0.0285036
442 SIMPLE_RADIAL 1920 1080 1824.44 960 540 0.0362199
444 SIMPLE_RADIAL 1920 1080 1820.35 960 540 0.0426591
446 SIMPLE_RADIAL 1920 1080 1822.28 960 540 0.0314691
448 SIMPLE_RADIAL 1920 1080 1820.24 960 540 0.0265704
450 SIMPLE_RADIAL 1920 1080 1818.98 960 540 0.026685
452 SIMPLE_RADIAL 1920 1080 1815.73 960 540 0.0213313
454 SIMPLE_RADIAL 1920 1080 1812.57 960 540 0.0128375
456 SIMPLE_RADIAL 1920 1080 1809.58 960 540 0.0197473
458 SIMPLE_RADIAL 1920 1080 1807.69 960 540 0.0144752
460 SIMPLE_RADIAL 1920 1080 1809.05 960 540 0.0026737
462 SIMPLE_RADIAL 1920 1080 1810.59 960 540 -0.00947277
464 SIMPLE_RADIAL 1920 1080 1810.44 960 540 -0.0132464
466 SIMPLE_RADIAL 1920 1080 1806.78 960 540 -0.011117
468 SIMPLE_RADIAL 1920 1080 1796.12 960 540 -0.00175271
470 SIMPLE_RADIAL 1920 1080 1804.2 960 540 -0.00888323
472 SIMPLE_RADIAL 1920 1080 1799.81 960 540 8.9603e-05
474 SIMPLE_RADIAL 1920 1080 1801.66 960 540 -0.0113313
476 SIMPLE_RADIAL 1920 1080 1802.39 960 540 -0.0185518
478 SIMPLE_RADIAL 1920 1080 1805.82 960 540 -0.031039
480 SIMPLE_RADIAL 1920 1080 1804.76 960 540 -0.0315373
482 SIMPLE_RADIAL 1920 1080 1803.75 960 540 -0.0334625
484 SIMPLE_RADIAL 1920 1080 1804 960 540 -0.0395112
486 SIMPLE_RADIAL 1920 1080 1803.78 960 540 -0.0500375
488 SIMPLE_RADIAL 1920 1080 1801.83 960 540 -0.0572743
490 SIMPLE_RADIAL 1920 1080 1799.05 960 540 -0.0623465
492 SIMPLE_RADIAL 1920 1080 1796.64 960 540 -0.0554027
494 SIMPLE_RADIAL 1920 1080 1791.36 960 540 -0.0471674
496 SIMPLE_RADIAL 1920 1080 1786.33 960 540 -0.0473778
498 SIMPLE_RADIAL 1920 1080 1782.14 960 540 -0.0468563
500 SIMPLE_RADIAL 1920 1080 1780.04 960 540 -0.0499751
