0 0.852344 0.651852 0.0578125 0.133333
0 0.991667 0.807407 0.0166667 0.118519
0 0.0901042 0.61713 0.0364583 0.0509259
0 0.428125 0.448148 0.0791667 0.0888889
0 0.307552 0.743056 0.0473958 0.15463
0 0.884375 0.551389 0.121875 0.0916667
0 0.257292 0.606944 0.0552083 0.123148
0 0.978125 0.680556 0.04375 0.109259
0 0.553385 0.77037 0.0473958 0.0888889
0 0.807813 0.579167 0.0489583 0.149074
0 0.0325521 0.650926 0.0651042 0.196296
0 0.428646 0.84213 0.0427083 0.0861111
0 0.753646 0.738889 0.053125 0.2
0 0.45026 0.721759 0.0671875 0.152778
0 0.513021 0.661574 0.0625 0.169444
0 0.648438 0.786111 0.0708333 0.131481
0 0.352604 0.374537 0.0989583 0.187963
