0 0.871875 0.63287 0.0583333 0.0916667
0 0.121354 0.712037 0.05 0.0685185
0 0.701042 0.499074 0.075 0.216667
0 0.609635 0.642593 0.0640625 0.12037
0 0.927604 0.669907 0.065625 0.137963
0 0.655208 0.612037 0.0375 0.0981481
0 0.81224 0.702778 0.0442708 0.127778
0 0.0356771 0.620833 0.0567708 0.187963
0 0.972396 0.506019 0.0552083 0.225
0 0.778125 0.514815 0.0833333 0.111111
0 0.320312 0.718518 0.0802083 0.144444
0 0.744792 0.59213 0.040625 0.0824074
0 0.425 0.597685 0.0791667 0.182407
0 0.123438 0.897222 0.071875 0.201852
