0 0.990625 0.425463 0.01875 0.178704
0 0.91875 0.735185 0.059375 0.224074
0 0.959896 0.671296 0.040625 0.0722222
0 0.266667 0.603241 0.0427083 0.180556
0 0.9875 0.589815 0.025 0.138889
0 0.446615 0.660185 0.0515625 0.0907407
0 0.216927 0.665278 0.0619792 0.0787037
0 0.689583 0.652778 0.05 0.0944444
0 0.64375 0.714815 0.0354167 0.127778
0 0.740365 0.68287 0.0640625 0.136111
0 0.77474 0.535648 0.0651042 0.210185
0 0.59349 0.541204 0.0776042 0.10463
0 0.524219 0.514352 0.0619792 0.191667
0 0.135417 0.724074 0.078125 0.137037
0 0.864844 0.714815 0.0609375 0.192593
