0 0.0432292 0.577778 0.0572917 0.125926
0 0.309115 0.633333 0.0578125 0.122222
0 0.425 0.551852 0.08125 0.146296
0 0.35651 0.517593 0.0661458 0.207407
0 0.660417 0.514352 0.05 0.143519
0 0.531771 0.651389 0.0489583 0.0953704
0 0.021875 0.666667 0.04375 0.0777778
0 0.871875 0.65 0.10625 0.240741
0 0.956771 0.495833 0.0864583 0.176852
0 0.604948 0.527315 0.0755208 0.215741
0 0.852344 0.453241 0.0890625 0.193519
0 0.090625 0.595833 0.05 0.197222
0 0.752865 0.731019 0.0651042 0.230556
0 0.69375 0.711111 0.0604167 0.192593
