0 0.820833 0.553704 0.1 0.0944444
0 0.3625 0.451852 0.0854167 0.0925926
0 0.751042 0.573611 0.053125 0.152778
0 0.25 0.759722 0.0510417 0.137963
0 0.851562 0.663889 0.107292 0.114815
0 0.221354 0.571759 0.113542 0.20463
0 0.497135 0.773148 0.0463542 0.0944444
0 0.365625 0.849074 0.04375 0.0833333
0 0.28125 0.39213 0.105208 0.210185
0 0.453125 0.666667 0.0645833 0.166667
0 0.385677 0.725926 0.0713542 0.17037
0 0.95 0.813889 0.05625 0.164815
0 0.691406 0.739815 0.0515625 0.194444
0 0.588021 0.788426 0.06875 0.126852
