0 0.442448 0.437037 0.0859375 0.0833333
0 0.910937 0.549074 0.103125 0.0925926
0 0.9375 0.661574 0.09375 0.113889
0 0.274219 0.601389 0.0578125 0.123148
0 0.5625 0.762963 0.0520833 0.0962963
0 0.822656 0.57037 0.0515625 0.146296
0 0.319531 0.734259 0.0463542 0.172222
0 0.526563 0.655093 0.0635417 0.163889
0 0.0414063 0.651389 0.0828125 0.20463
0 0.46875 0.718056 0.0645833 0.15463
0 0.44375 0.836111 0.0395833 0.087037
0 0.663542 0.78287 0.06875 0.130556
0 0.766667 0.733333 0.0520833 0.2
0 0.36901 0.361111 0.0963542 0.174074
