0 0.835156 0.6625 0.0421875 0.0953704
0 0.0992187 0.707407 0.0369792 0.0796296
0 0.279948 0.727778 0.0515625 0.0685185
0 0.976562 0.77037 0.046875 0.122222
0 0.721875 0.575463 0.0385417 0.0916667
0 0.76875 0.697685 0.0854167 0.123148
0 0.9625 0.581481 0.075 0.116667
0 0.60599 0.635648 0.0796875 0.193519
0 0.130729 0.528704 0.147917 0.227778
0 0.507812 0.744907 0.0885417 0.139815
0 0.0356771 0.743519 0.0671875 0.198148
0 0.0510417 0.294907 0.102083 0.228704
0 0.301562 0.909722 0.0677083 0.180556
0 0.888542 0.550926 0.0875 0.211111
