0 0.936979 0.214815 0.053125 0.0944444
0 0.346615 0.156019 0.0328125 0.062037
0 0.931771 0.293981 0.065625 0.0787037
0 0.0731771 0.598148 0.0630208 0.0796296
0 0.982031 0.446759 0.0359375 0.15463
0 0.0825521 0.6875 0.0536458 0.0990741
0 0.630469 0.560185 0.0338542 0.153704
0 0.575781 0.619444 0.0859375 0.105556
0 0.383594 0.65463 0.0421875 0.15
0 0.513281 0.445833 0.0901042 0.132407
0 0.426302 0.597222 0.0442708 0.131481
0 0.680469 0.497222 0.0838542 0.246296
0 0.39349 0.356481 0.0828125 0.161111
0 0.940625 0.541667 0.06875 0.168519
0 0.798437 0.380093 0.125 0.150926
0 0.19401 0.606944 0.0546875 0.199074
0 0.141927 0.579167 0.0536458 0.197222
