0 0.983333 0.485185 0.0333333 0.103704
0 0.991146 0.599074 0.0177083 0.144444
0 0.230469 0.591204 0.0442708 0.0490741
0 0.608854 0.696759 0.0572917 0.110185
0 0.028125 0.623611 0.05625 0.115741
0 0.667708 0.643519 0.0729167 0.246296
0 0.589583 0.799537 0.0458333 0.0861111
0 0.942187 0.506481 0.053125 0.172222
0 0.509375 0.315278 0.102083 0.175
0 0.415104 0.716204 0.053125 0.175
0 0.799479 0.738426 0.071875 0.130556
0 0.905729 0.675926 0.059375 0.198148
0 0.407292 0.527778 0.071875 0.214815
0 0.135417 0.657407 0.130208 0.25
