0 0.0229167 0.328241 0.0458333 0.115741
0 0.0895833 0.438889 0.0979167 0.0851852
0 0.977083 0.677778 0.04375 0.122222
0 0.0205729 0.731019 0.0411458 0.134259
0 0.255729 0.778241 0.046875 0.0953704
0 0.0851562 0.856019 0.0619792 0.0935185
0 0.879687 0.680556 0.05625 0.17963
0 0.678125 0.668519 0.0541667 0.107407
0 0.446615 0.738889 0.0588542 0.196296
0 0.552344 0.603704 0.108854 0.214815
0 0.331771 0.793981 0.0760417 0.128704
0 0.103385 0.724537 0.0807292 0.178704
0 0.691406 0.805093 0.0515625 0.163889
0 0.183333 0.661111 0.0802083 0.181481
