0 0.745052 0.516204 0.0484375 0.150926
0 0.883594 0.670833 0.0328125 0.0916667
0 0.370833 0.664352 0.0510417 0.0935185
0 0.661979 0.675463 0.0552083 0.130556
0 0.573438 0.715741 0.0375 0.131481
0 0.122917 0.665741 0.0489583 0.0814815
0 0.958333 0.664352 0.0833333 0.232407
0 0.442448 0.518519 0.0703125 0.207407
0 0.613802 0.65463 0.0515625 0.0944444
0 0.510938 0.549074 0.0822917 0.135185
0 0.940625 0.4625 0.0875 0.191667
0 0.0455729 0.716667 0.0755208 0.138889
0 0.183333 0.599074 0.0458333 0.187037
0 0.835938 0.734259 0.0635417 0.22037
0 0.779427 0.716667 0.0598958 0.196296
0 0.691146 0.534259 0.071875 0.214815
