0 0.513542 0.408333 0.0583333 0.0796296
0 0.182812 0.590741 0.0416667 0.0518519
0 0.0158854 0.688889 0.0307292 0.203704
0 0.614323 0.650926 0.0807292 0.224074
0 0.897917 0.528241 0.05 0.163889
0 0.536198 0.806944 0.0453125 0.0861111
0 0.38099 0.719444 0.0515625 0.175926
0 0.958854 0.56713 0.0822917 0.208333
0 0.360938 0.533333 0.0677083 0.212963
0 0.751042 0.746759 0.0729167 0.132407
0 0.85625 0.693056 0.0583333 0.200926
0 0.459375 0.325463 0.096875 0.167593
0 0.0890625 0.65463 0.133333 0.246296
