0 0.0229167 0.616667 0.0458333 0.203704
0 0.847656 0.635648 0.0546875 0.0990741
0 0.102344 0.708796 0.0526042 0.0675926
0 0.592708 0.638426 0.06875 0.117593
0 0.902604 0.666667 0.065625 0.12963
0 0.790365 0.701389 0.0442708 0.126852
0 0.754167 0.514352 0.08125 0.110185
0 0.957812 0.506944 0.0822917 0.230556
0 0.676562 0.499074 0.0729167 0.212963
0 0.297135 0.715741 0.0796875 0.144444
0 0.401563 0.59537 0.0802083 0.181481
0 0.102604 0.894444 0.0677083 0.205556
0 0.719531 0.593056 0.0390625 0.0805556
