0 0.905729 0.63287 0.059375 0.130556
0 0.308333 0.575463 0.0614583 0.14537
0 0.471875 0.423148 0.078125 0.0851852
0 0.851562 0.550926 0.0489583 0.153704
0 0.478906 0.824074 0.0442708 0.0888889
0 0.935417 0.533333 0.129167 0.1
0 0.571094 0.675926 0.0932292 0.246296
0 0.504427 0.705093 0.0567708 0.150926
0 0.967188 0.648611 0.065625 0.128704
0 0.342448 0.727315 0.0505208 0.175
0 0.404687 0.349074 0.0927083 0.174074
0 0.803125 0.717593 0.05625 0.194444
0 0.0526042 0.656944 0.105208 0.228704
0 0.696875 0.772222 0.071875 0.127778
