0 0.71875 0.647222 0.0552083 0.12963
0 0.291667 0.451852 0.0875 0.0944444
0 0.738281 0.547685 0.126563 0.100926
0 0.19375 0.761574 0.046875 0.128704
0 0.439844 0.777315 0.0463542 0.0935185
0 0.784896 0.654167 0.090625 0.10463
0 0.296875 0.85 0.046875 0.0851852
0 0.629167 0.7375 0.0520833 0.191667
0 0.389062 0.663889 0.0645833 0.172222
0 0.141406 0.568519 0.0859375 0.218519
0 0.852344 0.669444 0.0546875 0.109259
0 0.207031 0.383796 0.106771 0.200926
0 0.523438 0.788889 0.0697917 0.125926
0 0.88125 0.802778 0.0541667 0.161111
0 0.31875 0.726389 0.0708333 0.160185
