0 0.141146 0.718982 0.0520833 0.0583333
0 0.0109375 0.533333 0.021875 0.259259
0 0.986719 0.51713 0.0265625 0.230556
0 0.770312 0.596759 0.040625 0.0824074
0 0.059375 0.600926 0.0625 0.25
0 0.953125 0.679167 0.065625 0.139815
0 0.679688 0.617593 0.0385417 0.0944444
0 0.836719 0.705556 0.0484375 0.137037
0 0.63125 0.647685 0.0614583 0.123148
0 0.896094 0.636574 0.0578125 0.0916667
0 0.80651 0.521296 0.0838542 0.105556
0 0.451823 0.596296 0.0755208 0.181481
0 0.727865 0.506944 0.0734375 0.223148
0 0.344792 0.723611 0.08125 0.149074
0 0.145833 0.900463 0.071875 0.199074
