0 0.0309896 0.696759 0.0526042 0.108333
0 0.967969 0.655556 0.0640625 0.103704
0 0.645052 0.547222 0.0328125 0.0796296
0 0.196354 0.722222 0.0427083 0.062963
0 0.117708 0.633333 0.0510417 0.185185
0 0.746094 0.622685 0.0390625 0.0972222
0 0.900521 0.726389 0.046875 0.125
0 0.694271 0.657407 0.071875 0.12963
0 0.878125 0.531944 0.0833333 0.112037
0 0.0445312 0.522685 0.0890625 0.226852
0 0.515365 0.605093 0.0703125 0.182407
0 0.799479 0.511111 0.0822917 0.222222
0 0.211458 0.903704 0.0697917 0.192593
0 0.415104 0.730093 0.084375 0.14537
