0 0.00885417 0.653241 0.0177083 0.15463
0 0.433854 0.601852 0.0385417 0.168519
0 0.407031 0.517593 0.0328125 0.0537037
0 0.497917 0.547222 0.0395833 0.0685185
0 0.0442708 0.673148 0.034375 0.0722222
0 0.921875 0.490741 0.06875 0.118519
0 0.290104 0.519907 0.046875 0.121296
0 0.602344 0.526852 0.0432292 0.148148
0 0.967969 0.40463 0.0640625 0.105556
0 0.203646 0.506944 0.0489583 0.0916667
0 0.248958 0.511111 0.0427083 0.140741
0 0.0802083 0.599074 0.05 0.161111
0 0.132552 0.562037 0.0505208 0.15
