0 0.84375 0.22037 0.0583333 0.112963
0 0.0132813 0.666667 0.0265625 0.131481
0 0.65026 0.61713 0.0578125 0.191667
0 0.301302 0.672222 0.0421875 0.137037
0 0.0497396 0.59213 0.0526042 0.200926
0 0.497135 0.623148 0.0776042 0.105556
0 0.95625 0.472685 0.05 0.136111
0 0.339583 0.60463 0.0489583 0.142593
0 0.359115 0.414352 0.0473958 0.162037
0 0.433073 0.448611 0.0942708 0.143519
0 0.578125 0.50463 0.105208 0.264815
0 0.301562 0.35463 0.0864583 0.172222
0 0.703646 0.380556 0.117708 0.148148
0 0.850521 0.539352 0.065625 0.167593
0 0.104687 0.623148 0.0572917 0.198148
