0 0.0815104 0.536111 0.0505208 0.161111
0 0.0171875 0.725 0.0333333 0.112963
0 0.977083 0.681944 0.0458333 0.141667
0 0.667448 0.655093 0.0755208 0.126852
0 0.0851562 0.669907 0.0463542 0.10463
0 0.0273438 0.523148 0.0526042 0.222222
0 0.928125 0.640278 0.0625 0.087963
0 0.164583 0.717593 0.0395833 0.0648148
0 0.868229 0.712963 0.046875 0.12963
0 0.379167 0.722222 0.0833333 0.142593
0 0.841406 0.523148 0.0859375 0.105556
0 0.761979 0.511574 0.0760417 0.228704
0 0.482812 0.597222 0.0697917 0.183333
0 0.176563 0.900463 0.06875 0.199074
