0 0.443229 0.612963 0.0385417 0.0814815
0 0.984375 0.478704 0.03125 0.135185
0 0.36224 0.624537 0.0484375 0.102778
0 0.707552 0.513889 0.0567708 0.138889
0 0.575521 0.650463 0.053125 0.0916667
0 0.932031 0.662963 0.0765625 0.222222
0 0.0747396 0.665278 0.0484375 0.0824074
0 0.472396 0.536574 0.078125 0.110185
0 0.0197917 0.715278 0.0395833 0.132407
0 0.9 0.454167 0.0895833 0.197222
0 0.139323 0.591667 0.0484375 0.198148
0 0.403646 0.512963 0.0625 0.203704
0 0.65026 0.529167 0.0723958 0.212037
0 0.795573 0.73287 0.0630208 0.225
0 0.739062 0.711574 0.0614583 0.193519
