0 0.983333 0.664815 0.0333333 0.0833333
0 0.888542 0.672222 0.04375 0.0944444
0 0.338021 0.721759 0.046875 0.0731481
0 0.147656 0.690741 0.0421875 0.0962963
0 0.81875 0.703704 0.0895833 0.118519
0 0.661979 0.638426 0.0822917 0.186111
0 0.771094 0.586111 0.0411458 0.0944444
0 0.564844 0.746759 0.0859375 0.136111
0 0.94375 0.561111 0.090625 0.207407
0 0.117448 0.284722 0.0984375 0.232407
0 0.191667 0.518981 0.133333 0.213889
0 0.360677 0.906018 0.0661458 0.187963
0 0.0929687 0.731944 0.0703125 0.199074
