0 0.227604 0.763889 0.0489583 0.131481
0 0.725 0.56713 0.0479167 0.139815
0 0.339323 0.456944 0.0859375 0.0861111
0 0.825781 0.656944 0.0953125 0.106481
0 0.335677 0.851852 0.0442708 0.0851852
0 0.891406 0.676389 0.0484375 0.112037
0 0.185417 0.572685 0.0979167 0.202778
0 0.251823 0.394444 0.103646 0.211111
0 0.472917 0.775 0.0458333 0.0907407
0 0.664583 0.737037 0.0541667 0.198148
0 0.561198 0.789352 0.0692708 0.125
0 0.42526 0.666667 0.0651042 0.162963
0 0.358594 0.727778 0.0713542 0.174074
0 0.921094 0.807407 0.0546875 0.17037
