0 0.991406 0.473148 0.0171875 0.127778
0 0.69375 0.585185 0.05 0.114815
0 0.890625 0.244444 0.0770833 0.17037
0 0.0348958 0.651852 0.0677083 0.177778
0 0.532552 0.621296 0.0807292 0.105556
0 0.339583 0.661574 0.040625 0.141667
0 0.467708 0.445833 0.090625 0.136111
0 0.624479 0.501389 0.0989583 0.252778
0 0.378646 0.599537 0.046875 0.137963
0 0.951042 0.446296 0.075 0.177778
0 0.0929687 0.588889 0.0526042 0.203704
0 0.146094 0.618519 0.0578125 0.2
0 0.34401 0.358333 0.0869792 0.164815
0 0.744792 0.378704 0.125 0.15
0 0.891406 0.539352 0.0671875 0.171296
