0 0.683594 0.691667 0.0682292 0.137037
0 0.982031 0.668519 0.0359375 0.222222
0 0.391667 0.668056 0.05 0.0953704
0 0.465625 0.522685 0.0708333 0.202778
0 0.592448 0.718518 0.0390625 0.133333
0 0.146615 0.668981 0.0453125 0.0805556
0 0.633594 0.660185 0.0473958 0.0925926
0 0.505469 0.6125 0.0369792 0.0842593
0 0.714323 0.54213 0.0692708 0.210185
0 0.20599 0.600463 0.0411458 0.186111
0 0.802344 0.71713 0.0598958 0.193519
0 0.0690104 0.726389 0.0786458 0.137963
0 0.957812 0.461111 0.08125 0.2
0 0.857292 0.737963 0.0625 0.22037
