0 0.528906 0.775 0.0526042 0.0925926
0 0.401042 0.448148 0.08125 0.087037
0 0.228906 0.618519 0.0526042 0.109259
0 0.279948 0.75 0.0484375 0.155556
0 0.0638021 0.618056 0.0369792 0.0490741
0 0.0200521 0.655556 0.0401042 0.194444
0 0.85 0.558333 0.121875 0.0981481
0 0.889063 0.668519 0.090625 0.12037
0 0.399479 0.847222 0.0447917 0.087037
0 0.979688 0.818519 0.040625 0.166667
0 0.726042 0.736111 0.05 0.201852
0 0.953906 0.67963 0.0515625 0.109259
0 0.423177 0.725 0.0671875 0.164815
0 0.486719 0.6625 0.0619792 0.169444
0 0.620833 0.788889 0.071875 0.127778
0 0.320833 0.386574 0.1 0.200926
