0 0.00989583 0.880093 0.0197917 0.210185
0 0.988021 0.664815 0.0239583 0.0777778
0 0.676823 0.707407 0.0390625 0.127778
0 0.477083 0.656482 0.0479167 0.0907407
0 0.775781 0.677315 0.0671875 0.110185
0 0.954687 0.728241 0.059375 0.215741
0 0.722917 0.649537 0.05 0.0898148
0 0.277344 0.599537 0.0880208 0.184259
0 0.628125 0.536574 0.0770833 0.10463
0 0.813542 0.533796 0.06875 0.212037
0 0.171615 0.718518 0.0786458 0.135185
0 0.55651 0.5125 0.0640625 0.197222
0 0.900781 0.708333 0.0609375 0.194444
