0 0.12474 0.748148 0.0505208 0.12963
0 0.214844 0.436574 0.0807292 0.0898148
0 0.0583333 0.550926 0.075 0.238889
0 0.372656 0.765741 0.0494792 0.0944444
0 0.789844 0.661111 0.0546875 0.111111
0 0.979688 0.669444 0.040625 0.185185
0 0.666667 0.537037 0.11875 0.103704
0 0.21901 0.844444 0.0515625 0.0851852
0 0.717188 0.640278 0.0927083 0.112037
0 0.314063 0.652778 0.0677083 0.168519
0 0.238802 0.713426 0.0744792 0.171296
0 0.129167 0.366667 0.113542 0.198148
0 0.56276 0.725 0.0546875 0.190741
0 0.454688 0.779167 0.0708333 0.126852
0 0.810938 0.790278 0.0552083 0.163889
