0 0.775521 0.239352 0.015625 0.0546296
0 0.00911458 0.603704 0.0171875 0.112963
0 0.978906 0.472222 0.0421875 0.148148
0 0.348958 0.505093 0.0375 0.113889
0 0.484635 0.493519 0.0536458 0.101852
0 0.5625 0.53287 0.0479167 0.0731481
0 0.0223958 0.735185 0.0447917 0.185185
0 0.0942708 0.653704 0.0375 0.0740741
0 0.311198 0.49537 0.0453125 0.138889
0 0.665625 0.514815 0.0458333 0.142593
0 0.260677 0.491667 0.0557292 0.0944444
0 0.132031 0.583796 0.0484375 0.15463
0 0.184115 0.539352 0.0505208 0.150926
