0 0.627344 0.680093 0.0776042 0.113889
0 0.64349 0.587037 0.0484375 0.0851852
0 0.985156 0.772222 0.0296875 0.138889
0 0.853125 0.666667 0.0416667 0.0944444
0 0.11901 0.700463 0.0380208 0.0861111
0 0.303906 0.722222 0.0557292 0.0814815
0 0.788281 0.7 0.0859375 0.12037
0 0.953646 0.659259 0.046875 0.0777778
0 0.739323 0.576389 0.0380208 0.0972222
0 0.530469 0.747222 0.0869792 0.135185
0 0.0578125 0.738889 0.071875 0.196296
0 0.15599 0.52037 0.143229 0.22037
0 0.0776042 0.285185 0.1 0.227778
0 0.326823 0.909259 0.0692708 0.181481
0 0.910156 0.556944 0.0859375 0.212037
