0 0.0752604 0.69537 0.0526042 0.0574074
0 0.00963542 0.603704 0.0192708 0.2
0 0.985156 0.683333 0.0296875 0.196296
0 0.597917 0.605093 0.040625 0.0953704
0 0.55625 0.641204 0.05625 0.119444
0 0.807031 0.634722 0.0546875 0.0898148
0 0.367188 0.588889 0.0833333 0.185185
0 0.713802 0.519907 0.0765625 0.108333
0 0.864062 0.673148 0.0739583 0.125926
0 0.755729 0.704167 0.040625 0.126852
0 0.917188 0.510648 0.0885417 0.221296
0 0.640625 0.500926 0.071875 0.207407
0 0.260938 0.711111 0.0770833 0.137037
0 0.0705729 0.876852 0.0682292 0.194444
