0 0.18125 0.425926 0.0729167 0.0888889
0 0.0989583 0.750926 0.046875 0.122222
0 0.642708 0.531482 0.1125 0.1
0 0.346615 0.765278 0.0515625 0.0953704
0 0.763021 0.659259 0.053125 0.114815
0 0.189323 0.842593 0.0546875 0.0851852
0 0.691406 0.641667 0.0932292 0.105556
0 0.96875 0.668056 0.0625 0.186111
0 0.535417 0.725926 0.05625 0.188889
0 0.425781 0.780556 0.0713542 0.131481
0 0.0942708 0.359722 0.113542 0.199074
0 0.282292 0.650926 0.0739583 0.172222
0 0.783333 0.793056 0.0541667 0.171296
0 0.20651 0.712963 0.0776042 0.177778
