0 0.967969 0.51713 0.0640625 0.0972222
0 0.00625 0.644444 0.0125 0.140741
0 0.982292 0.6125 0.0354167 0.108333
0 0.503906 0.410185 0.0765625 0.0851852
0 0.165885 0.592593 0.0401042 0.0518519
0 0.939844 0.614352 0.0578125 0.130556
0 0.516667 0.809259 0.04375 0.0814815
0 0.880729 0.536574 0.053125 0.147222
0 0.367188 0.722222 0.0489583 0.177778
0 0.339323 0.538426 0.0609375 0.206481
0 0.595833 0.6625 0.0916667 0.237963
0 0.835938 0.701852 0.0552083 0.196296
0 0.73151 0.756019 0.0713542 0.126852
0 0.438542 0.334722 0.0958333 0.169444
0 0.0705729 0.661574 0.132812 0.250926
