0 0.309115 0.510648 0.0338542 0.0657407
0 0.192448 0.421759 0.0578125 0.171296
0 0.700781 0.301852 0.0286458 0.0574074
0 0.614844 0.25787 0.0546875 0.0953704
0 0.261198 0.447222 0.0838542 0.148148
0 0.291927 0.611111 0.0598958 0.148148
0 0.703646 0.47963 0.0625 0.174074
0 0.473698 0.414352 0.111979 0.14537
0 0.364583 0.540741 0.0885417 0.281481
0 0.753125 0.511574 0.0489583 0.132407
0 0.455208 0.619444 0.110417 0.216667
0 0.152604 0.624537 0.0645833 0.199074
0 0.111458 0.36713 0.0864583 0.156481
0 0.646094 0.571296 0.0578125 0.174074
