0 0.00885417 0.77037 0.0177083 0.159259
0 0.13724 0.5 0.0484375 0.116667
0 0.021875 0.348148 0.04375 0.196296
0 0.776302 0.630556 0.0442708 0.0962963
0 0.979167 0.661574 0.0416667 0.0953704
0 0.0544271 0.706481 0.0442708 0.0833333
0 0.720052 0.665741 0.0796875 0.127778
0 0.671615 0.555093 0.0338542 0.0842593
0 0.144271 0.636111 0.05625 0.17963
0 0.223438 0.724074 0.0479167 0.062963
0 0.928646 0.724074 0.046875 0.151852
0 0.828906 0.516204 0.0817708 0.210185
0 0.0570313 0.528704 0.114063 0.216667
0 0.907292 0.540741 0.0875 0.105556
0 0.549479 0.606481 0.065625 0.181481
0 0.238281 0.904167 0.0703125 0.191667
0 0.870313 0.619444 0.0447917 0.0833333
0 0.443229 0.733333 0.084375 0.144444
