0 0.0684896 0.735185 0.0557292 0.148148
0 0.6375 0.374074 0.0270833 0.05
0 0.607031 0.537963 0.103646 0.118519
0 0.151042 0.434722 0.104167 0.0861111
0 0.311979 0.771296 0.046875 0.0944444
0 0.653646 0.644444 0.10625 0.107407
0 0.730208 0.661574 0.0541667 0.113889
0 0.146094 0.847222 0.0557292 0.087037
0 0.503125 0.727315 0.059375 0.19537
0 0.0546875 0.366204 0.109375 0.20463
0 0.3875 0.784722 0.0729167 0.132407
0 0.934375 0.678241 0.059375 0.191667
0 0.241146 0.653241 0.078125 0.173148
0 0.747396 0.798148 0.053125 0.166667
0 0.165365 0.71713 0.0786458 0.182407
