0 0.846875 0.580093 0.046875 0.128704
0 0.965625 0.498148 0.0333333 0.0481481
0 0.921875 0.480093 0.0458333 0.0768519
0 0.963021 0.664815 0.071875 0.116667
0 0.814844 0.664352 0.0515625 0.075
0 0.910937 0.568056 0.0489583 0.106481
0 0.497917 0.698148 0.046875 0.062963
0 0.021875 0.526389 0.04375 0.125
0 0.730729 0.716667 0.0864583 0.133333
0 0.273438 0.71713 0.0760417 0.19537
0 0.309635 0.286111 0.0942708 0.22037
0 0.0765625 0.522222 0.0677083 0.201852
0 0.539062 0.877778 0.0614583 0.2
0 0.380469 0.5 0.0994792 0.192593
