0 0.186719 0.630093 0.0567708 0.197222
0 0.0825521 0.708333 0.0421875 0.087037
0 0.815625 0.652315 0.0416667 0.100926
0 0.26276 0.730556 0.0494792 0.0648148
0 0.707552 0.57037 0.0380208 0.1
0 0.0984375 0.528704 0.128125 0.227778
0 0.961979 0.757407 0.046875 0.12963
0 0.951563 0.565741 0.0885417 0.105556
0 0.5875 0.628241 0.075 0.193519
0 0.755469 0.6875 0.0807292 0.123148
0 0.0270833 0.747222 0.0541667 0.198148
0 0.489062 0.742593 0.0864583 0.142593
0 0.0401042 0.30787 0.0802083 0.219444
0 0.914062 0.643981 0.04375 0.0824074
0 0.870313 0.535648 0.0822917 0.20463
0 0.280469 0.908333 0.0692708 0.183333
