0 0.989062 0.681481 0.021875 0.0814815
0 0.895312 0.631019 0.05 0.0787037
0 0.0648438 0.706944 0.0557292 0.0953704
0 0.167187 0.631019 0.0552083 0.191667
0 0.0307292 0.320833 0.0604167 0.193519
0 0.797656 0.642593 0.0453125 0.0962963
0 0.245312 0.727315 0.0489583 0.062037
0 0.0192708 0.748611 0.0385417 0.189815
0 0.691927 0.562037 0.0369792 0.0888889
0 0.946875 0.748148 0.0458333 0.127778
0 0.853125 0.525 0.0791667 0.205556
0 0.0804688 0.527778 0.138021 0.222222
0 0.740625 0.674537 0.08125 0.125
0 0.567708 0.618981 0.075 0.187963
0 0.467448 0.738426 0.0869792 0.141667
0 0.260677 0.907407 0.0671875 0.185185
0 0.929688 0.55463 0.090625 0.109259
