0 0.9875 0.7875 0.025 0.141667
0 0.978906 0.558796 0.0421875 0.136111
0 0.0403646 0.446296 0.0734375 0.0907407
0 0.0414063 0.868981 0.0619792 0.0972222
0 0.645833 0.67963 0.05 0.109259
0 0.219792 0.787963 0.0479167 0.1
0 0.944792 0.685648 0.04375 0.130556
0 0.411458 0.747222 0.0625 0.201852
0 0.29349 0.807407 0.0786458 0.133333
0 0.142448 0.672222 0.0817708 0.185185
0 0.0617188 0.733796 0.0817708 0.180556
0 0.515885 0.612037 0.103646 0.212963
0 0.870313 0.719444 0.0614583 0.161111
0 0.65625 0.817593 0.0541667 0.168519
