0 0.528125 0.411574 0.0510417 0.0712963
0 0.204688 0.594907 0.0385417 0.0435185
0 0.0182292 0.62037 0.0354167 0.087037
0 0.969792 0.502315 0.0604167 0.0935185
0 0.584896 0.691667 0.053125 0.140741
0 0.916146 0.513426 0.053125 0.149074
0 0.561198 0.806481 0.0442708 0.0907407
0 0.773177 0.743519 0.0703125 0.127778
0 0.395312 0.718056 0.0510417 0.178704
0 0.482292 0.317593 0.1 0.17037
0 0.381771 0.529167 0.0708333 0.212037
0 0.879687 0.684722 0.0572917 0.197222
0 0.108594 0.658333 0.129688 0.253704
